Samples	SBS7A	SBS7B	SBS7C	SBS7D	SBS38
cluster_0	0	0	0	0	1751926
cluster_1	0	0	0	0	402731
cluster_2	0	0	0	0	1124633
cluster_3	0	1054866	0	0	0
cluster_4	0	0	0	0	623398
cluster_5	0	0	0	0	902970
cluster_6	0	0	0	1299100	0
cluster_7	0	0	0	0	506674
cluster_8	0	0	0	0	766229
cluster_9	0	0	0	0	739497
cluster_10	0	0	0	0	955693
cluster_11	0	465144	0	0	0
cluster_12	0	0	0	0	4896520
cluster_13	0	1308480	0	0	0
cluster_14	0	0	0	1455758	0
cluster_15	0	0	0	0	861603
cluster_16	0	0	0	1195860	0
cluster_17	0	0	0	0	440861
cluster_18	507385	0	0	0	0
cluster_19	0	0	895992	0	0
cluster_20	942387	0	0	0	0
cluster_21	0	695325	0	0	0
cluster_22	0	2526249	0	0	0
cluster_23	454518	0	0	0	0
cluster_24	0	0	0	0	795934
cluster_25	0	0	0	0	427853
cluster_26	685775	0	0	0	0
cluster_27	446505	0	0	0	0
cluster_28	770795	0	0	0	0
cluster_29	1627143	0	0	0	0
cluster_30	1603930	0	0	0	0
cluster_31	0	1890076	0	0	0
cluster_32	997989	0	0	0	0
cluster_33	0	0	0	720446	0
cluster_34	0	0	0	0	735362
cluster_35	0	0	0	0	715549
cluster_36	0	0	397859	0	0
cluster_37	0	0	0	0	1235093
cluster_38	0	0	0	426266	0
cluster_39	0	1290370	0	0	0
cluster_40	0	0	0	397724	0
cluster_41	0	0	0	1080983	0
cluster_42	0	0	0	0	564679
cluster_43	0	0	0	0	800299
cluster_44	0	0	820752	0	0
cluster_45	0	0	0	0	811274
cluster_46	0	0	0	0	557946
cluster_47	0	0	0	483519	0
cluster_48	0	0	0	1841771	0
cluster_49	0	0	0	0	886047
cluster_50	0	0	0	483353	0
cluster_51	0	0	0	557572	0
cluster_52	0	405578	0	0	0
cluster_53	0	0	0	0	1102076
cluster_54	0	0	858509	0	0
cluster_55	0	0	450197	0	0
cluster_56	0	740183	0	0	0
cluster_57	0	0	0	927221	0
cluster_58	721808	0	0	0	0
cluster_59	0	0	0	0	1252304
cluster_60	0	0	512435	0	0
cluster_61	0	664504	0	0	0
cluster_62	1102961	0	0	0	0
cluster_63	0	0	0	0	606444
cluster_64	710508	0	0	0	0
cluster_65	403163	0	0	0	0
cluster_66	0	0	0	886150	0
cluster_67	0	0	0	551215	0
cluster_68	0	398406	0	0	0
cluster_69	0	893532	0	0	0
cluster_70	0	673107	0	0	0
cluster_71	0	641973	0	0	0
cluster_72	0	734123	0	0	0
cluster_73	0	0	849505	0	0
cluster_74	0	0	0	682197	0
cluster_75	0	0	0	910620	0
cluster_76	1267815	0	0	0	0
cluster_77	0	0	0	0	482432
cluster_78	0	0	0	0	622169
cluster_79	0	721992	0	0	0
cluster_80	0	564374	0	0	0
cluster_81	0	0	0	862709	0
cluster_82	0	0	0	576236	0
cluster_83	263910	298487	0	0	0
cluster_84	0	1373724	0	0	0
cluster_85	0	0	0	514665	0
cluster_86	0	0	0	671364	0
cluster_87	309757	385615	0	0	0
cluster_88	0	481443	0	0	0
cluster_89	0	0	0	727957	0
cluster_90	0	0	0	463940	0
cluster_91	0	439376	0	0	0
cluster_92	0	0	0	553181	0
cluster_93	0	968749	0	0	0
cluster_94	0	0	0	469785	0
cluster_95	0	667931	0	0	0
cluster_96	0	1134437	0	0	0
cluster_97	0	1094080	0	0	0
cluster_98	0	1124491	0	0	0
cluster_99	823460	0	0	0	0
cluster_100	0	0	1079679	0	0
cluster_101	0	787695	0	0	0
cluster_102	0	613032	0	0	0
cluster_103	640211	0	0	0	0
cluster_104	573535	0	0	0	0
cluster_105	0	0	0	532045	0
cluster_106	0	0	0	907226	0
cluster_107	0	494404	0	0	0
cluster_108	0	567865	0	0	0
cluster_109	0	0	0	1208991	0
cluster_110	0	0	0	760406	0
cluster_111	0	0	662708	0	0
cluster_112	0	860737	0	0	0
cluster_113	0	0	0	1401572	0
cluster_114	0	0	497434	0	0
cluster_115	0	0	0	0	877137
cluster_116	0	0	0	0	1498537
cluster_117	0	731786	0	0	0
cluster_118	0	697430	0	0	0
cluster_119	0	0	0	1226800	0
cluster_120	0	0	0	2013629	0
cluster_121	0	0	483176	0	0
cluster_122	0	940410	0	0	0
cluster_123	0	0	0	424131	0
cluster_124	0	0	0	0	904005
cluster_125	0	0	0	1645188	0
cluster_126	0	0	0	0	430803
cluster_127	0	0	0	0	544456
cluster_128	0	0	0	999769	0
cluster_129	0	432196	0	0	0
cluster_130	0	1357781	0	0	0
cluster_131	0	0	874173	0	0
cluster_132	0	0	468826	0	0
cluster_133	0	0	451860	0	0
cluster_134	0	0	0	1089853	0
cluster_135	0	0	0	919492	0
cluster_136	0	0	0	861273	0
cluster_137	0	0	0	0	426756
cluster_138	0	998627	0	0	0
cluster_139	0	0	0	0	721930
cluster_140	0	0	792733	0	0
cluster_141	0	0	0	1862467	0
cluster_142	0	0	0	830759	0
cluster_143	0	0	0	0	1355409
cluster_144	0	0	0	1189803	0
cluster_145	0	0	0	660118	0
cluster_146	0	0	0	702921	0
cluster_147	0	0	0	978129	0
cluster_148	0	0	387755	0	0
cluster_149	0	0	0	799324	0
cluster_150	0	0	0	1061793	0
cluster_151	0	0	0	875594	0
cluster_152	0	0	0	0	536288
cluster_153	0	0	0	1103903	0
cluster_154	0	0	0	773090	0
cluster_155	0	0	1044215	0	0
cluster_156	0	0	666978	0	0
cluster_157	0	0	0	577007	0
cluster_158	0	0	0	453713	0
cluster_159	0	0	622557	0	0
cluster_160	0	0	0	444583	0
cluster_161	0	0	0	577741	0
cluster_162	0	0	0	693094	0
cluster_163	0	0	416712	0	0
cluster_164	0	0	0	621799	0
cluster_165	0	0	538118	0	0
cluster_166	0	768828	0	0	0
cluster_167	0	0	0	433678	0
cluster_168	0	0	0	0	420097
cluster_169	0	0	0	691558	0
cluster_170	0	0	0	0	826697
cluster_171	0	0	865060	0	0
cluster_172	0	0	418352	0	0
cluster_173	0	0	469563	0	0
cluster_174	0	0	479470	0	0
